0.2 0.6
0.6 0.7
0.3 0.6
0.5 0.1
0.6 0.7
0.2 0.7
0.406360 0.678100
0.740024 0.021714
0.010189 0.742363
0.018690 0.959379
0.147733 0.203388
0.537098 0.436150
0.973216 0.057475
0.909359 0.676973
0.877294 0.956678
0.371858 0.169457
0.381181 0.221678
0.777206 0.726645
0.095179 0.523114
0.028720 0.561751
0.601523 0.848348
0.190812 0.668134
0.755217 0.418480
0.035090 0.361202
0.561587 0.549558
0.837625 0.183719
0.485554 0.062242
0.829760 0.501908
0.775193 0.735815
0.823001 0.027028
0.140889 0.475267
0.177945 0.185533
0.921509 0.314292
0.467846 0.730678
0.690212 0.112367
0.899376 0.239385
0.105140 0.820723
0.796252 0.170443
0.693965 0.489824
0.225846 0.973565
0.176331 0.770103
0.154554 0.333563
0.874521 0.518054
0.354610 0.009869
0.740201 0.261353
0.653188 0.888887
0.533899 0.699571
0.014067 0.805079
0.733910 0.121116
0.372783 0.406487
0.822604 0.602399
0.108107 0.841308
0.700658 0.121830
0.525870 0.324399
0.113517 0.269091
0.755537 0.706060
0.139435 0.059232
0.015633 0.010158
0.984730 0.471512
0.291004 0.534649
0.559422 0.724460
0.083093 0.514770
0.565233 0.971548
0.043797 0.537646
0.117939 0.055903
0.984144 0.866795
0.247367 0.197886
0.960962 0.585996
0.970874 0.005952
0.887838 0.004171
0.019933 0.999029
0.391116 0.076479
0.714464 0.907818
0.437329 0.691465
0.925886 0.382696
0.595369 0.550157
0.547360 0.377560
0.664882 0.020183
0.398501 0.401776
0.801770 0.786467
0.031882 0.036496
0.202356 0.339811
0.479925 0.596978
0.869679 0.345615
0.583341 0.589130
0.978560 0.717235
0.176020 0.656338
0.880463 0.781943
0.066381 0.041781
0.844895 0.272198
0.451407 0.201741
0.220932 0.000889
0.127200 0.097043
0.820689 0.986453
0.618611 0.862617
0.975919 0.482243
0.140596 0.009248
0.899618 0.834262
0.125215 0.046961
0.696407 0.342313
0.900711 0.436080
0.608644 0.331907
0.992937 0.069833
0.859617 0.457683
0.434405 0.071509
0.760850 0.853860
0.412523 0.549501
0.587448 0.123214
0.566153 0.095179
0.093593 0.313272
0.248369 0.231381
0.439695 0.966937
0.113373 0.723432
0.733383 0.054437
0.456785 0.649923
0.348435 0.094502
0.841092 0.397105
0.678884 0.054889
0.671793 0.288608
0.009999 0.685835
0.554859 0.391264
0.743448 0.784785
0.462377 0.148214
0.300921 0.516663
0.960810 0.882031
0.648595 0.321235
0.015087 0.883488
0.534296 0.127556
0.171780 0.755658
0.209833 0.565224
0.245899 0.918416
0.622917 0.613155
0.988396 0.695010
0.806233 0.658802
0.595249 0.200203
0.465640 0.254229
0.334023 0.328605
0.575165 0.950176
0.010129 0.502163
0.123338 0.465221
0.472493 0.477372
0.023594 0.104377
0.867178 0.435636
0.600894 0.779946
0.887521 0.784283
0.997351 0.207151
0.840638 0.581123
0.301601 0.848091
0.952696 0.262014
0.199779 0.959731
0.969121 0.398764
0.470408 0.665173
0.770983 0.543795
0.701166 0.312143
0.425057 0.828345
0.192388 0.508612
0.812611 0.872599
0.130363 0.132714
0.740762 0.738962
0.762859 0.302577
0.230279 0.113829
0.490005 0.761423
0.495001 0.638519
0.495553 0.384264
0.980570 0.326665
0.786725 0.544758
0.713981 0.303209
0.285236 0.894249
0.130485 0.679216
0.917787 0.699745
0.490655 0.237131
0.491195 0.263593
0.978002 0.742641
0.505528 0.104782
0.576263 0.122205
0.957991 0.520338
0.865576 0.449396
0.621019 0.864960
0.948006 0.668537
0.239884 0.388052
0.815459 0.250758
0.588362 0.749507
0.606761 0.525392
0.345344 0.399094
0.365786 0.258788
0.311011 0.849026
0.108741 0.162932
0.568041 0.495238
0.236296 0.407882
0.811539 0.050174
0.585018 0.884876
0.220740 0.838316
0.702617 0.921073
0.926252 0.175439
0.252793 0.382232
0.338479 0.803548
0.808014 0.616241
0.346047 0.885676
0.672348 0.488267
0.667468 0.378199
0.791506 0.837377
0.444941 0.693056
0.253553 0.044862
0.506093 0.438230
0.361256 0.046068
0.587655 0.682082
0.765869 0.040414
0.214435 0.625596
0.692149 0.358359
0.857673 0.786333
0.855725 0.429444
0.458719 0.798848
0.276453 0.562138
0.397181 0.718583
0.825192 0.294053
0.507090 0.279687
0.006479 0.400213
0.800283 0.901967
0.175852 0.257402
0.143131 0.368149
0.118137 0.154225
0.250913 0.999833
0.671772 0.309357
0.013514 0.849044
0.874305 0.814568
0.346841 0.891946
0.925488 0.454462
0.476212 0.462338
0.116905 0.371456
0.801183 0.194702
0.760906 0.842396
0.265659 0.560112
0.066603 0.012302
0.462815 0.672999
0.857027 0.291067
0.541272 0.422761
0.999035 0.260572
0.347108 0.141432
0.426396 0.362501
0.135746 0.957095
0.676463 0.341252
0.618377 0.702459
0.932194 0.401690
0.069519 0.748989
0.663769 0.308101
0.715469 0.419202
0.097865 0.198535
0.647820 0.693242
0.907695 0.717841
0.061872 0.770531
0.713190 0.183064
0.706699 0.673310
0.208238 0.886433
0.051769 0.486097
0.990725 0.314068
0.824458 0.013547
0.461092 0.012607
0.253443 0.608962
0.476486 0.071308
0.564877 0.676636
0.800060 0.703797
0.021426 0.883485
0.768810 0.211464
0.068640 0.428850
0.018341 0.689634
0.958813 0.816124
0.549284 0.197964
0.559386 0.445802
0.274393 0.926504
0.490495 0.015328
0.339432 0.248659
0.386764 0.196445
0.285513 0.949395
0.414980 0.645915
0.984960 0.138545
0.509888 0.856600
0.243131 0.320935
0.122336 0.943397
0.521129 0.620451
0.030085 0.646050
0.140631 0.827312
0.010266 0.607599
0.017238 0.970489
0.029758 0.916016
0.821314 0.133811
0.852927 0.928856
0.349048 0.532144
0.740600 0.214188
0.801536 0.443127
0.219781 0.035829
0.615944 0.450311
0.740553 0.186858
0.470374 0.595150
0.404769 0.132627
0.092827 0.458120
0.850538 0.362956
0.544714 0.893380
0.807199 0.572921
0.720633 0.126716
0.797358 0.792643
0.908689 0.193111
0.955766 0.868675
0.389408 0.238150
0.959184 0.763104
0.216354 0.036558
0.617102 0.981172
0.517817 0.191526
0.760025 0.064218
0.886514 0.870075
0.680272 0.491981
0.683012 0.602575
0.529592 0.526738
0.368612 0.628619
0.758606 0.501529
0.304765 0.506808
0.894963 0.805660
0.808573 0.222624
0.700295 0.352920
0.637760 0.826388
0.020450 0.631419
0.493526 0.712429
0.449138 0.528676
0.575963 0.010913
0.262081 0.001578
0.704298 0.205429
0.946856 0.318040
0.022966 0.012221
0.053102 0.035670
0.854590 0.761101
0.018377 0.102510
0.832222 0.003417
0.086893 0.465831
0.045739 0.839048
0.431500 0.357252
0.571070 0.502243
0.113729 0.985900
0.415983 0.075246
0.572342 0.716044
0.612450 0.808971
0.917769 0.931639
0.913116 0.421619
0.427972 0.697426
0.308239 0.918961
0.290685 0.014714
0.369458 0.934122
0.817645 0.939693
0.248075 0.320053
0.068352 0.083114
0.008035 0.744474
0.064040 0.042392
0.857619 0.334931
0.546983 0.130650
0.758879 0.000700
0.545897 0.361988
0.840126 0.918635
0.845128 0.028191
0.014357 0.811648
0.823482 0.359346
0.215248 0.071367
0.027948 0.699308
0.702424 0.480622
0.278265 0.346683
0.958974 0.276745
0.060151 0.712959
0.806727 0.563298
0.458225 0.731664
0.498613 0.625668
0.904020 0.515893
0.712439 0.535079
0.570195 0.106271
0.566721 0.535944
0.328923 0.777411
0.006756 0.103033
0.810640 0.778125
0.167882 0.227840
0.248714 0.569158
0.612946 0.447590
0.476285 0.591907
0.662254 0.365705
0.653436 0.352589
0.386859 0.929138
0.045996 0.138533
0.219776 0.525832
0.451732 0.996763
0.554814 0.044682
0.675315 0.699741
0.148950 0.400701
0.790363 0.299143
0.621752 0.669719
0.795066 0.525751
0.854105 0.899775
0.667246 0.732026
0.628580 0.870486
0.755431 0.293648
0.425037 0.556995
0.904414 0.387292
0.887601 0.821743
0.706897 0.844142
0.112957 0.905128
0.797314 0.342096
0.574932 0.615232
0.159495 0.544374
0.196615 0.727140
0.006834 0.918192
0.808833 0.993991
0.911725 0.874409
0.992550 0.344729
0.510477 0.557518
0.092838 0.297653
0.290577 0.085083
0.013330 0.354187
0.679079 0.286712
0.252599 0.153913
0.894056 0.024853
0.527728 0.469752
0.795492 0.993215
0.245348 0.701294
0.277614 0.483312
0.026705 0.384591
0.581622 0.985613
0.470892 0.378390
0.275899 0.649023
0.349129 0.809577
0.550235 0.560872
0.463034 0.564728
0.901223 0.529329
0.471129 0.100031
0.247940 0.551136
0.090329 0.608408
0.010157 0.429787
0.212990 0.130554
0.705752 0.072724
0.645098 0.025683
0.179665 0.840902
0.367498 0.328138
0.663640 0.949997
0.449578 0.907627
0.484170 0.329795
0.003630 0.023685
0.385470 0.536752
0.858136 0.819061
0.114973 0.284473
0.949518 0.532117
0.130748 0.907784
0.784449 0.724868
0.033420 0.608360
0.708570 0.621203
0.599564 0.643291
0.132548 0.728883
0.099231 0.712735
0.312662 0.279290
0.917156 0.678765
0.760643 0.660496
0.365390 0.404741
0.866320 0.942067
0.974480 0.943032
0.856621 0.794124
0.481011 0.518619
0.785777 0.588537
0.191220 0.757097
0.854147 0.236719
0.393576 0.387826
0.986823 0.366351
0.017612 0.216443
0.268248 0.768461
0.791965 0.505685
0.525359 0.656643
0.741518 0.029450
0.079300 0.171787
0.981662 0.972234
0.444547 0.738552
0.417138 0.534587
0.544324 0.333928
0.133576 0.574922
0.832475 0.463555
0.981766 0.869026
0.564498 0.658095
0.097845 0.600812
0.344239 0.599795
0.877014 0.511351
0.987781 0.568476
0.224063 0.727949
0.692345 0.756542
0.740883 0.670994
0.475572 0.144202
0.879317 0.593542
0.859339 0.048949
0.987117 0.247081
0.812291 0.167438
0.605442 0.886628
0.036578 0.913265
0.338220 0.329323
0.786810 0.120747
0.106909 0.062859
0.543038 0.732647
0.628555 0.463621
0.024617 0.918900
0.510744 0.029083
0.228069 0.183747
0.443940 0.155031
0.399642 0.410272
0.589885 0.395366
0.112008 0.464211
0.414121 0.330759
0.904628 0.932984
0.891390 0.142117
0.268547 0.811257
0.224559 0.735828
0.108978 0.460958
0.960894 0.799963
0.202774 0.971490
0.663913 0.484082
0.582962 0.125027
0.104723 0.490046
0.228781 0.532096
0.273639 0.237179
0.917206 0.144262
0.381079 0.422379
0.600752 0.273595
0.416106 0.734233
0.216355 0.452677
0.761690 0.699934
0.401442 0.954285
0.827637 0.644759
0.195838 0.556459
0.655341 0.526110
0.441937 0.186547
0.972881 0.967577
0.260613 0.406888
0.234690 0.163234
0.676625 0.315169
0.766917 0.448328
0.194824 0.324095
0.257765 0.239765
0.887254 0.457831
0.481510 0.738272
0.341257 0.256823
0.325571 0.253837
0.640020 0.117923
0.901907 0.267001
0.399514 0.913341
0.767188 0.370817
0.769556 0.029847
0.050597 0.051749
0.221806 0.548667
0.593785 0.862524
0.893748 0.146956
0.044424 0.915931