100 15
7.788736239602421 3.1010658730111995 7.657320277145784 0.137882671398305 6.867415052583526 6.658912980875929 3.3777964663404147 3.6338161060355825 6.931417523007425 0.844421846938872 1.078850363984627 2.7667202990564976 9.447467153732598 3.8528823185316217 1.7150810129982852
2.7881477849295133 6.476929423982347 4.672814355074242 0.33616118622101676 4.664769861076817 8.364428596225778 1.771373332366668 7.745200726821535 1.6685082705200338 9.904905168564053 6.834404970847091 9.984396532182364 4.620516037348984 6.354175983464985 8.277625762934328
5.178274634694859 9.19171652643473 8.822052426701278 5.3138240819631255 2.5583588669258828 0.8436234132320908 2.7276707187854177 8.502111756674282 5.315613181901111 0.39349459742626713 2.0623947023559888 7.26772301392621 9.421430430546225 1.5300347194104558 5.923921303257415
2.6395733999504314 6.460747250935546 2.7507457034678193 7.376568240679773 8.368336858544208 6.950406037398192 6.778322642265349 6.681695020923748 2.013085503778924 7.413214467510438 8.88389196046862 2.866107484429138 3.3050259811716454 1.6325652698856408 8.15087895326995
6.187927201381208 1.8345489751535293 7.135729405635576 6.93461225952049 2.9131033178528964 3.429997458836209 4.476003510372885 2.7661424406777013 1.5717044549633064 5.869352385979525 6.185925777586126 5.915519172657159 8.889398870822584 8.11291145284516 3.4146968840463323
4.158970462436338 8.500027003746878 1.3323148637476157 5.463356113009729 1.160630152363843 7.530451005834763 8.97211673334343 2.1475309654630568 7.5694504886746925 9.5661075071667 0.35652873237700167 7.491140700269002 0.3180610800571293 8.228640272032584 9.019044590750392
3.1845435042105583 9.78369498263511 3.433036420048751 3.250707907509608 3.8252908198394286 1.3132621334658645 2.8371495893049445 5.359470498449665 9.147431682255267 3.998708041719752 8.4942496465205 4.502361771106126 7.121552893791629 8.775623441890495 1.1634474614548396
3.0050978598486155 3.249154033091827 5.216717452247945 5.7886728274684955 2.1275515024463387 7.209584886662427 5.580347345742966 6.382132964725319 2.197569606469878 5.136419592597842 1.3991035156764964 0.41102373068298115 8.561240003407407 1.1895090872160385 5.915152180544975
4.633151685216186 2.544104118603423 3.3074377386541687 8.973615628280948 5.08564871874709 0.25024614033760995 2.9785529456883375 0.400388764176679 1.6869834924132754 7.933398995981013 2.307248238880529 9.556918341605686 2.8913735803996543 6.411766397210345 6.453422932159628
8.223664321854107 5.686205471384421 6.947720294706446 8.901504116918492 5.200486293929348 4.046172688803801 9.450400694594904 9.373418794529945 7.991836295018767 3.9541203916375567 3.7559797744693366 4.831063081097996 6.204823835362801 5.624274216301645 0.6049936053915217
4.493063242453279 7.329439263527796 8.59066801206653 3.0384572900457085 9.190164021267943 8.581606693402405 7.562996889426969 7.6971214590260395 6.114041955375555 1.6065921193164745 2.0309482983235725 0.8320378363774894 9.802856878080384 8.570120771188552 8.132811734878745
9.577424050920598 6.293153958967313 9.13545412500701 2.643738560927659 9.451875074523343 8.214859537177459 5.760592388535718 3.9361248207373323 7.734940222127273 5.694528822731079 6.673641738041438 0.5321322294320785 5.075619544002469 7.47666563302253 9.585976348999921
4.4844465713420085 0.27508203532760955 8.704222770766657 6.676373980712396 9.502904288350697 3.335392656269427 4.359980599411829 6.377499147961006 5.538979710826991 5.971649246291086 1.2527160858888886 6.308846501798236 8.11583427095943 0.30844348778595654 7.587006306005618
0.6919025807250634 2.9578525627378536 7.703881741850394 3.079464781204514 4.9644575860914175 6.5206955933568835 8.100994024356611 5.645157318690757 2.93617165123098 8.208552314771282 8.373560853714668 3.0486656110601738 6.891126393480265 8.535460841139047 4.918994003176608
1.9114253345478571 1.2094533941020091 7.4728199308997745 6.345124754398088 5.764446722656046 3.9054974137018306 6.218210287964258 3.518098069527552 5.906027521160454 9.933823388689678 7.028007690526573 7.40228055632876 0.3664246499518198 4.687360112314769 5.92950705266043
5.571624615993841 1.4370016478155945 7.041927886840364 5.603124661017393 9.9011635094659 4.4207345142683865 3.616995204028771 2.1492678428064513 1.6370710492385365 3.426122534124383 2.9408247466591786 5.629324570395512 1.1267942502401118 4.8587963533321545 3.7279526425474394
9.47085510366039 7.3289587757949 5.985678590738966 0.9970739721808897 5.689533884811027 6.011410867973205 0.5858253558821169 9.961454900642234 3.714315119756516 0.006210306156089196 7.529972241765035 7.124670076950629 9.869586604673449 5.157950175006412 1.4805937076329456
6.150271329115747 4.611190838063868 6.792360529704117 3.814267370683073 6.1402053699777 9.888710906214937 7.487606511469091 7.046114513328532 9.01978026266145 0.6304797274286311 8.356488707267104 6.456649973094813 2.5961821352864565 3.884610330750613 2.9183535655124504
8.137111292687006 5.336454550257588 2.996943549822789 5.676161047908359 1.500139027376588 0.7456037478657396 9.990471711853473 5.2526146523963995 4.104538776322691 4.659588499000949 2.716494402934053 3.068526582875543 0.7176570967772478 3.842974204510552 6.369300513163944
5.645801992820335 2.891701344198987 5.404414120155573 0.5016955828009639 3.0706857355693353 3.563068442508185 5.842816640278423 4.139819343819072 8.301050328144449 9.872322539498533 5.247742163823847 5.435798776099956 0.15937380895537867 2.047994538687028 4.492959066756498
5.378436289479359 8.403590955012351 9.265947481255544 4.799807097316895 7.261609801364941 2.060707208573219 2.045295862507933 2.095674625940992 9.734355591566155 0.39544295148251196 0.09991530206992616 7.975064669619906 4.992504490428875 1.087575541278829 8.66877123439826
0.09011567631686868 1.5850068156353447 7.05451470260401 0.23293402631821447 5.641112834915376 4.032044566506393 7.665720106795773 8.05292979897708 5.610480435035297 3.6657350864103986 7.422707581595359 6.780706554188659 2.128407115850952 7.150414705318342 6.9365560456227
2.8876961994980963 0.22927669486318636 7.7125255064083795 4.397790565830925 1.4573339499560733 3.611994028978982 9.939599748504923 4.037285031912672 6.838361005601051 1.7003003469004863 9.674523377719552 9.739028866436646 8.027243739247972 0.22309279124874903 6.037787252370638
6.549674585975024 5.993703361895681 5.765884839214641 2.4234938565706132 5.515657588279614 7.867823159862164 3.246188532143166 1.028940997761788 5.45784366807902 8.666593850348352 9.760949667037394 6.6024399869457 5.694901547531042 9.976747454837895 3.905829655416475
8.718076193645173 6.484568084902444 9.628777333242159 8.114348597296505 6.25230113872258 5.453644573377128 7.406091598711882 8.733199007811253 7.490876792653323 6.3818504951888055 6.635077715566854 2.465517324030052 3.298142147071803 0.7592152875157843 4.718766836650285
7.129229891576644 4.889525441165615 0.3070578659953005 4.393160908631499 6.835085793637813 7.097153536795066 7.513120935509132 6.158845372528404 6.433544815107214 8.870712422110808 4.197500047503637 4.508016550374922 5.161729931146246 3.923157916045005 2.8893897544509795
7.340416895707337 9.932603600389546 5.285297392113403 8.878039908926876 6.736059563458907 5.24975936298963 7.352205115911831 6.238555567288943 1.4589846643815063 7.6485919793358 0.08474625218455989 2.519420494944348 4.133923647708592 3.320596915459977 9.745546310035376
7.538521249370848 5.131112198273615 2.677826302371301 1.043355483876588 2.9388745795947244 5.839833571368161 6.74496558242576 2.9697933643743646 8.380164213901487 4.8527869846328455 3.62942994868337 7.604986391858924 5.429964004943394 6.536425447657245 0.8118860663949035
0.626090432730193 3.829167830353548 1.9297966006172962 9.369026549505614 1.4212977766046475 2.2033197607805324 9.90286720192662 6.839584748768537 1.3012829120410108 0.6847249565887792 6.896442899862424 5.222114729048703 9.694678311329682 4.93283327381305 4.2800281145295225
7.784342078498244 5.4608818461416195 1.7387186589043002 3.735023768095523 9.633447030916557 6.825905096683165 4.399018366960146 4.247830520261228 6.865586377786163 5.17868047606801 4.046372823089232 1.0861400389634956 0.7483963600497134 0.23317504364391062 0.8155965140964372
0.16632258529535537 0.7400727299728427 1.8393553053903833 1.6151489506117112 5.705432449962267 3.341892533621179 7.040091444537935 7.308891794803967 9.403059799839218 4.061654629348949 2.368576191925361 6.8629898452693725 0.47200305240214346 0.4073163796635937 8.528146284403869
3.4949404209608623 8.329086721482035 2.958556043242544 0.14794767670081477 2.049083699979475 6.894914965086528 8.692860684172468 6.329454094342543 4.553581889451328 5.81704571032391 9.567444056419278 6.625552351874311 2.750548274421485 4.03944561858157 8.839021420548455
6.678947108912387 2.5390669680707525 3.7756152189421033 3.6634842995777106 2.637979844113322 9.751025705176279 0.6418829341950794 9.148229109024095 1.1138415671664237 9.663664222270583 2.465474651245463 9.057434470535547 6.1712513068157815 4.691383380807563 2.2625318934312433
5.825815072947397 1.7021838265066846 6.342673110491745 4.299372300506481 0.9077103100458717 7.057269917936222 1.862756956639362 2.658010115109357 0.6161351223689304 9.625533148568765 0.380710321672173 4.898057243305982 3.9719262775780697 9.538189883812882 4.788607068499145
7.936145970766114 4.714171543554043 3.8001090886687203 4.265563422855182 6.785237843109744 5.989745320017281 0.05557002116368226 0.08181439590697615 7.761883092621313 9.983974087576943 2.6330591972467268 4.633408530525892 7.068478864772112 2.8896749171858174 6.386268768593536
0.801216611055029 2.316795235585065 4.639139938516928 0.17122587945868073 9.414811987247539 1.7130547974231136 8.65113746539616 7.278675496358332 0.027140350935218605 5.135274243810515 8.070703875113763 6.6341713428924285 3.874725260633669 6.583672325125414 4.061947757766098
0.7588826401012172 3.047907355515087 7.557180499692954 3.075393164719764 1.5319881009578906 8.430188277370151 5.6047007087146135 8.097336677321724 6.067654213192788 7.220040781662492 7.966134141268012 9.375089947894583 1.2559945474085354 6.671506812099816 0.909501252735585
4.99371921447116 4.977794336831955 2.555952955947628 2.702767112133806 6.6730852439183455 4.899954048977243 0.8944534375085356 3.7660218501885256 3.5690083869246036 1.458345668232427 1.2683391074717898 3.268654011193428 3.560020778686809 0.0996145193141651 7.013951300273021
1.7493712196880307 8.43457808486827 6.81580970115184 8.672240590025467 7.816481578656729 2.5960220826957983 4.2405518443901355 3.196589508414276 3.945899987381721 1.8684280468343206 1.2831531285142495 0.23212407684251812 8.380230472849743 7.160892307290202 7.8378672994969225
0.8834791502429851 8.2380616856441 0.40635034661199665 7.180574431042147 9.012047657927472 2.040228864096526 0.509876460060884 8.933213660733628 3.965907449076317 2.3770449049382893 0.6522077766715662 7.730830797669653 7.189937799868583 4.717577687447314 6.850658082936148
2.122613149846692 0.5708542027922869 4.5408561742953 2.29948829973021 5.091628029165404 9.172774950249353 2.0137897194835377 4.676597399854624 4.193498679447129 9.196247835375583 8.299651217927838 0.8486982198572324 5.666468633483197 0.8808475329655752 6.995076982460815
5.523811015841648 1.4364770377209435 7.970134922226699 3.139050277878488 3.8362918186121995 7.740749617374849 1.4437629297276122 9.220588111998477 8.270385481329832 0.8166035343051969 5.866044021427212 5.3564888765307614 2.796825445768205 4.546509489161126 3.3076596991736262
0.8870185086402693 2.568703747499602 5.65765968350515 9.790049933142967 7.518474031179143 8.009151046110242 4.605901894982396 6.723065354142399 7.260582277352205 6.9591445472370665 3.393169566662827 7.983647452823842 5.85332763957641 3.6955266955829735 6.73303466965936
0.7612251968200123 8.895427653902896 6.074303868831113 9.415476562115016 4.533423507048896 1.2868040290522187 8.012116500859282 1.2468599424511229 9.052335869216284 1.8868324324611152 7.576964168200869 5.475241866979662 3.891528779796448 9.456553973318346 8.208789053972023
9.398952968198055 2.484285866604594 7.518525290922131 7.730270596765432 5.704146994197514 3.3340280344476425 1.1168218698974641 4.556410453665263 7.826279061306723 8.170702623883223 6.781217862444374 8.028234289963482 1.7321341666907175 2.458508763398722 8.842210001740007
5.080932725613184 3.7280285903515176 6.742997130680535 8.31140885519318 3.234299690346959 3.391040724738742 3.835432638711472 3.3718129367699023 3.2690504968408476 3.243811024509818 2.703890943288765 3.1557709026960303 0.24246782542734158 7.933807319477638 7.826672867356073
9.833590828353076 3.0859431883326383 7.316454853445081 0.557528460337221 2.6842059949132144 2.2561288182513106 8.431093532855483 8.05028398524175 2.01657328419933 8.00401762744819 6.136643514052237 3.964997352567602 9.14600781527444 9.037556458155233 4.662439630062119
7.191278801078552 4.256686378515052 3.619532155621512 1.4227847932880167 7.308678770175186 9.965850788230306 4.336190119935153 5.261715399754948 6.550092366715572 8.1593844357999 4.762061528034285 4.706622510929751 8.46233775305916 9.074457033730406 7.880482997899629
7.131500283889243 1.2721196549787084 8.95289757236935 5.04287621962141 0.07268433014354647 2.2762335601314154 9.91269512728127 0.9761517951230703 1.0890836995121578 3.1704451376379037 2.0077877591542483 2.6402864257831093 8.707630122363108 2.255757893435506 2.7410287848474626
2.939185401593931 7.770698027859723 9.717466803865474 6.742907085146207 6.482872267719873 2.7220764208856973 3.633767183828025 4.545484083679724 8.859640418233965 2.0328201154788186 5.884953508921765 7.773370870561664 7.523420371990613 3.341363574940568 0.673769483430483
9.450532391671535 2.0814615240105026 0.11284150927459047 1.7584868617657845 2.045272401318919 3.484163354196702 7.710303915202337 9.618456630343596 5.873081874316402 1.6147909556010187 8.598602041558678 4.940892032651515 6.12078757917579 0.16858559981242638 9.843567387942414
4.057389206897254 7.909577388905649 5.453352595390728 3.9016097794043345 6.544935486057712 3.6731763015019583 6.68709852721375 4.472588489392239 7.812856321500457 9.113621148484508 7.395862982596361 6.2691416261004544 2.0102434415899797 4.175742792029449 4.657893795229812
0.9945681532195116 8.527751234911904 7.089270444642324 9.184708821668877 2.7666535243881896 5.4079105252073045 1.4024118510929762 1.5863974676719783 5.966306773148178 7.072773361238049 8.483932044091658 5.122414786711747 2.5709075190061705 8.162266864817001 1.4932794159168128
0.4022817775199172 0.0508048141677786 9.289653138335462 9.623186624249897 8.585914936878055 5.487865707797535 0.966305524983978 5.832155551952445 1.74492702358515 1.2067823303347391 5.14582684483624 8.444840755634777 0.09588016707886338 8.410380856936092 3.7270305496015546
3.951092951785997 8.232684934225826 0.3407784835409955 7.600748158169031 3.9124783922169493 1.0647812383980981 9.740689050641436 9.545873675704886 0.8046208149067635 6.403826623451879 3.411025454782717 8.010009479278319 3.39294159533753 0.8405757220802446 4.0353318425086275
5.978613306226165 2.8350757750821574 9.150540348516135 0.7299810689195019 7.252258110271485 4.8537942457429555 1.4833864840687738 8.472027780232592 8.287519532528888 1.4894988690001698 1.8119906969131616 4.9567289147377185 7.493893237060921 9.697891452433637 5.586621795930929
0.11008716048445777 1.0997362131986943 5.780731390211711 4.230113796176735 2.8253246057388903 3.752085188619172 3.561436627180059 0.8625689501060851 1.5347099939730435 0.8150102274209481 0.8182958378077632 8.671363285815591 2.8159658941210317 1.5114691213534248 7.948022344960613
3.004458226990696 4.186616156943685 1.4043787248914863 1.7792605036633513 3.917592273559245 5.3432601325960825 1.7018359656798288 8.574254244683853 0.6148614082450787 7.447872177914822 4.630693554744687 4.971105096324866 0.03855608691155088 7.759984725504645 2.662897692152444
3.4748830948866627 1.6045229452462517 3.0896154598624603 2.600262114025158 2.7974576878211375 7.619778184493841 7.734197044727706 9.427042071915984 5.898834034087059 1.9291053657978485 0.9134866915760076 9.617987946965531 0.3049188099597355 5.024163314854141 3.631567530374602
6.881877152731187 0.5553260999181586 2.479193531086883 4.167206034535306 5.6573633157751155 5.70820003092864 7.535967144046084 9.913092786272273 4.655587722579016 0.0070738971833872455 5.895207143673154 0.7283302497931343 6.914519006862767 7.251887382170192 1.2055497091259193
3.3679055488774203 7.65425944704595 0.47294917405061754 2.3260402826927673 3.7698988000552767 1.6199184789794963 2.008322145425626 8.10548399410644 4.623679230061333 0.2163165228902153 8.40338508218301 3.7742641018483636 2.7220417809214883 7.815285430942627 5.171581647571104
1.2682696996338905 8.608456642015804 1.9861399412079594 1.7106774808871195 1.2941055557475878 1.9651036845906056 8.865566102275066 2.479763497757357 9.093363123792521 4.021978308833891 0.4055239335575411 5.909229383325133 0.9866609832359241 9.521137103083833 7.952117994581233
5.330328976056197 7.920249632013258 2.9814476946358304 4.3466663787753115 1.5257389222048245 0.3026658035605978 4.40069331702131 2.6632404577356885 1.5943813359900705 5.911096030808211 3.8484997669494705 2.1585122181781746 3.8146933890273504 6.085930396612344 9.033263199563963
9.042470524471831 2.971761545460275 9.89568371730782 2.250330512690195 7.073791056862091 4.911853862200516 4.387202014315282 1.0549862902604634 7.939802603499166 0.4713356719136452 5.299057768046697 6.764359026859465 6.333449231760952 3.0429174450339227 1.4054298751190153
2.8273089304917653 8.63610597492498 9.733993138135025 9.474040657281432 2.6774328336328757 1.1703986223294205 6.838694807707101 2.896582657025152 6.727313792335112 0.031674327988681084 6.483437715728398 6.67108565148316 3.410228713074198 8.954363952739538 2.265741210811151
5.2760665418993105 7.3224781543353 5.001861536531974 3.7751749928813183 8.351480854181087 5.536563043817212 1.1164323837218015 1.613356707810475 9.189954274419632 5.763783565618805 1.092538634915463 7.549044604534081 6.309384001845543 3.57810774877339 3.0664425559516486
7.947984672746755 0.6088330687590093 5.895359313021374 3.593194975962848 1.7069541996977877 3.6906807794495435 5.5382080215485 7.3469386720910475 5.617497872766869 3.505458313978446 7.577378304710035 7.812399887627992 6.5314386195582035 1.184302496713916 5.036534632557431
3.0454911997395984 6.6734807682426425 7.323016165760969 9.911618132496963 6.770939735890736 4.137782945106151 9.700818366369313 4.427163093626363 2.0138985464927472 1.623019219259445 3.940607732315554 6.1583930209246365 9.166654298867826 3.6117424197263848 2.2055359626500106
0.14584734336025362 0.7259696156929729 9.955036583271223 3.2590958638692147 2.430401263950909 3.0537361642661587 6.032523753399958 7.415319147484737 2.5510710564760486 6.23241383872905 0.35316004583689664 8.099092926246755 7.18189328911902 4.366239949575545 3.735553627672937
7.449718012336335 0.9700100540913292 9.520111393752451 8.923274669936331 6.473836101553266 3.6968466250408536 6.539468938943322 9.991692117621078 6.222007011405985 5.510401468522577 0.6257418379243784 2.9008400807360326 1.1294018609709744 7.065237250784094 3.819161261930033
2.848128553769027 5.162463890485412 0.04613525697163001 3.6995717536313344 3.342561343384599 2.9167090684008246 6.686079786455804 8.247104981086114 3.7601340625879343 8.494225469656364 0.09990779136580863 2.6020181658642683 6.850253934561054 8.944933879908657 7.3611878242818785
9.279890418775068 7.31860459284831 8.902834875143483 0.024074617382572328 4.6171222295863235 8.736250810677133 4.341137380422615 5.76865067749179 3.5895197398817524 4.013947723261633 5.759057780080288 0.6024605713024067 2.378336132458263 1.0987726920892793 8.104413988556653
0.057853103155625085 2.842125070598499 2.438858591809523 7.609335622176757 7.065165539735238 6.430632983533126 5.099973854700869 4.926315025112448 0.28650626366262477 0.5402172976253272 7.61306731374069 7.219281449214798 8.782124695887632 8.722819403755272 7.5117504517921
4.718269993476431 9.848676325039158 0.8688101963093708 4.266644939371201 3.566533653196995 7.512870569033766 2.2997927569337637 2.3368201382439127 7.673746304619245 9.9814358043018 0.8706184714982068 4.460556473484353 6.295859923405118 0.8732528431432063 2.025948385554689
1.3773386019250833 5.794456623428232 8.975292463500137 1.3018831187201485 3.0757778361501953 8.187232486162324 5.513840154712365 1.5373017222880991 2.37383954900267 0.432576637164358 0.6291034277499608 1.2387855394495395 0.565429900655704 2.156944014539021 0.5200178569931002
2.8569162993320174 9.373445637383556 8.990694311652998 8.519949441805627 7.408335257877433 8.100381697590471 5.902810882592927 7.1816214011000055 6.659130269572358 1.2597466108900768 6.40136044908905 7.085179717310636 6.9965230635680875 0.07543168822170099 9.712250886196928
5.38151088547028 2.38626167807398 2.6016294590526536 4.70537003937769 7.839434398132143 3.897981536670728 8.129452205466594 6.005656885693073 7.484905510604063 4.581247717364477 9.048838708973616 9.819214864917715 4.305066406299306 3.9483664055497494 0.10802254083155383
3.375080112945068 8.44893353521729 7.456483324809645 0.1298963868566172 5.356271656185887 0.4423035119144725 8.159237897736608 5.141606560050631 7.284390565498754 8.023236676458843 4.100241259892523 4.391728204194276 2.3460953473334456 6.74002997904103 5.113639361951138
8.137015157057213 4.518151370544015 3.9837763793073835 9.389970167688784 2.1386690280252365 0.2413446452596102 2.1497527129133798 8.415584044371027 8.142875335133388 4.037478450417215 7.816931234055133 1.716809117578223 6.637220209646324 7.89565000748912 1.4545153193647653
5.232972000617235 0.6241320713388165 6.880667819084813 3.7736551814797736 3.8349779374023605 8.718609555363901 7.02068182449014 2.83671668314729 7.400827619156343 7.547790420493273 5.059940653813813 0.07960227614582815 5.913856171137888 5.192052849300167 5.374903850754071
1.8610914195764716 0.7577302878905567 0.023421200945342724 8.672800725324171 6.013004499820264 9.059899342272145 8.802441771788429 5.009740459674652 6.44516996640479 3.3980260387255146 2.6240637733466188 2.771975805643956 7.55557954784307 5.55523649706752 8.955007799775503
8.804547890008473 7.874256723458731 8.40440838557115 8.728672009482214 8.086614527728035 3.1689622709156193 2.652233222164664 1.068671058029983 0.99002174406018 3.4394366727261527 3.7919987113669684 4.471940244742814 3.2697774783905267 4.935356313526026 4.5391961301473245
0.5561405298013167 1.0732596632364677 7.916737107823061 0.21664930338054722 0.9506807423562569 7.60938052935456 8.422989054882596 3.2791598724933344 9.993986643069087 6.121372082721316 4.725416987930728 0.40318008475396794 7.324954228984794 9.353494801965054 1.686810242492105
5.374980125466543 9.895494869104073 2.7421184016189515 8.739145862941411 7.677339374403569 6.489074848398407 8.05035344875081 6.5671765640508815 4.180958716083474 9.406075833005787 7.197735529718185 0.5706424880430838 0.2937595122487946 8.917535483547866 3.7585607920019646
6.314659549637476 4.993106688330733 8.475027304967673 8.703066756110069 8.734318548261012 8.229867455699152 3.658214318225681 8.767752603510015 0.7598025440804745 1.77158511146568 5.794715283638031 0.43886922309759435 1.0858122344656074 5.835655757260016 2.676341923297781
8.804758796868366 7.40906303673105 3.0182418506252215 1.0719247569463686 8.309745335575519 8.515194854462747 7.320357729099349 7.621027710066773 7.412529188389976 1.1755953949043563 4.675657966492313 6.553698471815935 8.783276889756022 5.146197080799947 9.860653857933208
7.541619047806383 3.5271391510763985 1.4237649045562673 9.592376908731598 9.17110085991985 2.7727867993629474 5.688617694801126 8.118537801654059 9.997090091631996 4.587207818308329 2.587569117545371 0.3144545516740871 3.2842747298996744 3.5041442161202188 8.989589792590007
3.739892619372318 0.7310456895543371 6.970266528507128 4.14679447070394 4.091859811324951 1.144982708832697 3.1696972528501433 4.783209499459985 5.489692236769108 9.763843521647926 6.433556340266968 8.612330373006701 9.815399525374648 1.6900366408161438 6.306588304089619
8.468808636079842 8.236032545953599 2.0728609833398 9.171568867794445 8.834870495280464 6.093265247424123 3.266728234344204 2.8483035161060224 5.931398994856884 7.935026328972249 0.38295719985744325 1.9609369130660848 5.921814260017157 6.472586306107919 3.103279064147224
4.93554414835701 2.419412103095515 1.8729998629023847 5.3578509031985435 4.776453288300468 1.5618462460062499 3.9720528549577914 4.534586893808964 1.544117198929501 1.5704353559567719 0.6063845613353791 2.3099225311098417 2.595065629053155 1.5084370012286707 5.58933102670844
1.318913990865923 0.5648837081347802 3.729238866188145 2.485351775521801 0.31321147244806724 0.532784887857588 1.012841883021125 2.8733972093134073 6.366502399297568 7.900275676952582 7.396551707398356 0.9366837556526542 3.522925170747595 1.3241771683845993 7.742069812182143
4.610140728569454 0.5850477251846975 7.149237687819717 7.818956614791437 9.577725703429847 3.7552230164834377 2.712163978297424 3.573826667114534 5.460740234835225 7.1718984403650845 0.21821493168920014 9.155057109834278 4.874017330385074 1.0385941246512598 0.8216784414367162
1.15334743346172 7.091254131538223 4.245249858689194 6.008831519968089 5.529028203172218 9.357779221422009 0.3058945077017339 6.131123995359713 2.8441487528726017 3.0559479820326163 6.491074460111853 1.628542209319831 2.7668466617372243 8.206216255318475 7.278137337955033
2.8767221287950107 4.273743697410268 2.988293696162013 2.0363573820880685 2.8407902313561175 2.0330796989556332 6.618964260803946 4.145287373932922 6.577257009372087 1.4357594260409012 8.880452666483315 3.5344916980847705 8.020667797720296 1.0694769443430208 4.526600364368521
4.0515067971459064 6.981550181622226 6.775960294591857 3.762897348474916 3.9910039500038486 4.296319280117422 9.064553055166574 9.213784392903992 9.942276997906125 9.928943334510526 8.997973225522733 0.8142337160449598 2.659139163453589 3.6037855671955765 1.4479733807917794
0.7008450594016502 8.403425818405587 3.350911345439563 0.653669787273834 3.198879129297696 5.0342523130603745 3.7565984192336535 3.2107834405110545 5.098876783479053 7.730784730895621 2.9408131648093585 5.965824036372385 1.9035587167489942 7.578107874798345 0.8786133162686394
3.9072016748382934 3.770371675077194 9.481372727324821 9.874818030774692 7.840156312933267 2.0028922536914315 2.5782358964853436 7.510113429736499 2.052383802341704 5.132364149903692 8.127851276317159 3.863080278411185 7.432328996443516 8.67960515671776 8.969526396924625
7.649434872361728 5.3282820097739245 1.1469956671671366 5.1633106390465215 0.05676460340699463 6.2755381898812725 8.756157385912319 2.0539662308504503 6.3243683712243985 3.781904346004641 5.674944436434306 4.711358701243436 6.795327462857176 0.7671942643855345 4.540320869128535
9.348377616708293 7.4691736328553375 9.133153300761471 9.457583176591882 7.348135744942902 0.1872291038652385 7.461681742341696 3.03660656999434 6.830853586971289 2.663087802966376 9.330466532040042 9.866958630419653 7.008926792522211 5.666104198211101 8.887149369125424
9.38719560519146 3.996633519365221 9.219335954443634 2.1697575993514926 6.059784361659774 8.17839371850257 2.6652035648537686 2.6865847465588444 4.551283514314047 5.96823495296297 7.985103538413978 1.6375182894632356 1.6397868840625351 3.459479273139449 4.0530323894446045