100 1
311.8552
436.2609
444.3545
343.9944
351.2543
451.8374
364.2303
350.7803
421.9428
383.3024
436.9213
458.5986
346.3118
425.4408
540.9055
249.6305
391.6574
352.4411
293.2365
442.5062
299.6462
383.9767
406.0273
516.3295
357.797
415.984
365.3656
403.5515
234.6767
404.3498
298.3608
570.1454
330.9738
283.0932
382.3438
298.5938
438.744
256.6563
342.4758
267.0049
364.0129
306.9727
378.9871
502.1426
295.4629
255.3128
496.4677
497.9691
317.8929
384.7742
383.3047
484.0725
367.8075
269.4156
197.81
410.2892
374.0817
307.986
326.2463
447.7529
271.1747
445.3975
322.6789
413.589
468.6066
381.5525
563.1744
301.7807
286.301
483.8045
321.3535
403.0502
410.9686
332.3138
226.961
482.5336
335.6469
400.4727
425.6002
448.7979
556.8078
402.61
521.6531
430.9727
261.9602
422.9212
467.1488
352.8542
399.9781
248.9577
213.1941
387.0711
234.3866
335.9179
402.8978
309.4531
417.7557
276.6387
568.0167
458.8504